2495 2023-08-08 6 2 
2495 2023-09-14 2 5 
5914 2023-09-14 1 3 
3983 2023-10-21 10 1 
6909 2023-02-19 1 8 
3983 2023-11-13 10 1 
6581 2023-04-10 10 3 
4423 2023-07-19 10 6 
5653 2023-05-10 10 8 
4423 2023-02-19 7 2 
6909 2023-01-03 5 10 
3983 2023-11-13 4 5 
5653 2023-11-13 9 3 
5653 2023-11-13 7 1 
4423 2023-01-03 9 8 
2495 2023-08-08 6 3 
2495 2023-07-19 6 4 
4523 2023-04-10 6 1 
5914 2023-11-13 10 7 
6909 2023-07-20 6 7 
4523 2023-08-08 6 4 
5653 2023-01-03 5 5 
2495 2023-11-13 1 10 
6909 2023-08-08 6 4 
4523 2023-10-21 1 5 
2495 2023-07-19 4 4 
4523 2023-07-19 6 2 
5914 2023-05-10 1 10 
2495 2023-08-08 6 1 
3983 2023-04-10 10 7 
2495 2023-09-14 7 6 
2495 2023-05-10 9 1 
4423 2023-01-03 7 4 
4523 2023-01-03 5 10 
4423 2023-02-19 8 6 
3983 2023-05-10 8 9 
3983 2023-02-19 7 4 
5332 2023-01-03 6 10 
4523 2023-09-14 10 7 
2495 2023-08-08 3 5 
2495 2023-02-19 10 6 
2495 2023-01-11 2 10 
5914 2023-08-08 2 9 
3983 2023-07-20 10 6 
5332 2023-04-10 5 4 
6581 2023-01-11 3 1 
5859 2023-11-13 10 3 
4523 2023-08-08 8 1 
2495 2023-08-08 3 10 
4423 2023-09-14 2 5 
4523 2023-08-08 1 3 
5332 2023-01-11 1 3 
2495 2023-07-19 7 8 
5332 2023-01-03 6 2 
6909 2023-07-19 1 7 
2495 2023-08-08 9 3 
5653 2023-04-10 6 2 
4423 2023-10-21 10 9 
5914 2023-05-10 6 9 
5859 2023-09-14 8 3 
5653 2023-08-08 7 10 
4423 2023-08-08 9 4 
5914 2023-07-19 6 10 
4523 2023-09-14 1 9 
2495 2023-09-14 9 1 
2495 2023-01-11 10 1 
2495 2023-07-20 8 1 
2495 2023-05-10 9 4 
2495 2023-10-21 4 10 
5653 2023-04-10 1 5 
5653 2023-07-19 7 5 
4423 2023-07-19 2 8 
5914 2023-10-21 5 9 
6581 2023-11-13 7 1 
4423 2023-07-19 8 2 
5859 2023-01-03 9 3 
5653 2023-02-19 8 2 
4523 2023-07-19 9 7 
2495 2023-01-11 5 2 
5653 2023-07-19 4 6 
5332 2023-09-14 4 3 
2495 2023-02-19 5 3 
5859 2023-05-10 7 3 
2495 2023-11-13 7 5 
3983 2023-11-13 3 4 
5653 2023-07-20 6 10 
2495 2023-10-21 8 6 
5332 2023-07-19 2 6 
5653 2023-07-20 8 5 
4423 2023-11-13 6 8 
6581 2023-05-10 5 6 
5859 2023-04-10 3 9 
6909 2023-07-19 9 5 
4523 2023-04-10 7 10 
6581 2023-01-03 2 8 
4423 2023-05-10 2 4 
2495 2023-07-19 6 8 
5859 2023-01-11 9 6 
2495 2023-01-11 5 10 
5332 2023-02-19 6 2 
#